      0/99      1.8G   0.03239    0.2793   0.01187   0.07535    0.3989         2       640         0         0         0         0         0         0         0
      1/99      1.8G   0.02789    0.1095  0.005568   0.06694    0.2099         0       640         0         0         0         0         0         0         0
      2/99      1.8G   0.02713   0.08609  0.005703   0.05974    0.1787         7       640         0         0         0         0         0         0         0
      3/99      1.8G   0.02427    0.0661  0.005879   0.04906    0.1453         2       640         0         0         0         0         0         0         0
      4/99      1.8G   0.02082   0.03997  0.005976   0.03553    0.1023         5       640         0         0         0         0         0         0         0
      5/99      1.8G   0.01922   0.03433  0.005228   0.03091   0.08969         2       640         0         0         0         0         0         0         0
      6/99      1.8G   0.01932   0.03248  0.004504   0.02899    0.0853         8       640         0         0         0         0         0         0         0
      7/99      1.8G   0.01767   0.02749  0.004237   0.02545   0.07484         5       640         0         0         0         0         0         0         0
      8/99      1.8G   0.01984   0.03587   0.00404    0.0303   0.09005         5       640         0         0         0         0         0         0         0
      9/99      1.8G   0.01798   0.02875  0.004109   0.02496    0.0758         6       640         0         0         0         0         0         0         0
     10/99      1.8G   0.01631   0.02271   0.00352   0.02011   0.06265         7       640         0         0         0         0         0         0         0
     11/99      1.8G   0.01686   0.02357  0.003319    0.0195   0.06325         0       640         0         0         0         0         0         0         0
     12/99      1.8G   0.01574   0.02184  0.003196   0.01789   0.05867         2       640         0         0         0         0         0         0         0
     13/99      1.8G   0.01499   0.01941  0.002965   0.01719   0.05455         2       640         0         0         0         0         0         0         0
     14/99      1.8G   0.01564   0.01877  0.002827    0.0173   0.05453         4       640         0         0         0         0         0         0         0
     15/99      1.8G   0.01479   0.01666  0.002866   0.01528    0.0496         4       640         0         0         0         0         0         0         0
     16/99      1.8G   0.01473    0.0176  0.002664    0.0134    0.0484         3       640         0         0         0         0         0         0         0
     17/99      1.8G    0.0141   0.01517  0.002635   0.01469   0.04659         2       640         0         0         0         0         0         0         0
     18/99      1.8G   0.01484   0.01867  0.002472   0.01298   0.04897         2       640         0         0         0         0         0         0         0
     19/99      1.8G   0.01449   0.01657  0.002563   0.01362   0.04723         3       640         0         0         0         0         0         0         0
     20/99      1.8G   0.01345   0.01756  0.002485   0.01248   0.04597         1       640         0         0         0         0         0         0         0
     21/99      1.8G   0.01347   0.01562  0.002297    0.0131   0.04449         6       640         0         0         0         0         0         0         0
     22/99      1.8G   0.01337   0.01469   0.00229    0.0119   0.04225         2       640         0         0         0         0         0         0         0
     23/99      1.8G   0.01321   0.01466  0.002358   0.01287    0.0431         3       640         0         0         0         0         0         0         0
     24/99      1.8G   0.01359   0.01588  0.002282   0.01232   0.04409         1       640         0         0         0         0         0         0         0
     25/99      1.8G   0.01337   0.01687  0.002341   0.01337   0.04595         3       640         0         0         0         0         0         0         0
     26/99      1.8G   0.01341   0.01399  0.002378   0.01168   0.04147         9       640         0         0         0         0         0         0         0
     27/99      1.8G   0.01312   0.01451  0.002443   0.01304   0.04311         5       640         0         0         0         0         0         0         0
     28/99      1.8G   0.01228   0.01272  0.002208  0.009971   0.03718         3       640         0         0         0         0         0         0         0
     29/99      1.8G   0.01288   0.01493  0.002171   0.01087   0.04085         2       640         0         0         0         0         0         0         0
     30/99      1.8G   0.01184   0.01223  0.002134  0.009489   0.03569         1       640         0         0         0         0         0         0         0
     31/99      1.8G   0.01223    0.0117  0.002133   0.01081   0.03687         1       640         0         0         0         0         0         0         0
     32/99      1.8G   0.01312   0.01379  0.002102   0.01047   0.03948         3       640         0         0         0         0         0         0         0
     33/99      1.8G   0.01299   0.01713  0.002217   0.01309   0.04543         2       640         0         0         0         0         0         0         0
     34/99      1.8G   0.01161   0.01315  0.002021  0.009316    0.0361         3       640         0         0         0         0         0         0         0
     35/99      1.8G   0.01251   0.01332  0.002092   0.01164   0.03956         5       640         0         0         0         0         0         0         0
     36/99      1.8G   0.01201   0.01115  0.002155   0.01033   0.03565         6       640         0         0         0         0         0         0         0
     37/99      1.8G   0.01196   0.01291  0.001893   0.01038   0.03714         1       640         0         0         0         0         0         0         0
     38/99      1.8G   0.01211   0.01401  0.002101   0.01162   0.03984         2       640         0         0         0         0         0         0         0
     39/99      1.8G   0.02796   0.07117  0.005373   0.06774    0.1722         4       640         0         0         0         0         0         0         0
     40/99      1.8G   0.02332   0.04172  0.004764   0.04205    0.1119         3       640         0         0         0         0         0         0         0
     41/99      1.8G   0.01988    0.0291  0.004696   0.03308   0.08676         5       640         0         0         0         0         0         0         0
     42/99      1.8G   0.01859   0.02725  0.004569   0.03137   0.08177         9       640         0         0         0         0         0         0         0
     43/99      1.8G   0.01838   0.02627  0.004224   0.02904   0.07792         1       640         0         0         0         0         0         0         0
     44/99      1.8G   0.01694   0.02436  0.003993   0.02477   0.07006         3       640         0         0         0         0         0         0         0
     45/99      1.8G   0.01599   0.02024  0.003658   0.02199   0.06189         2       640         0         0         0         0         0         0         0
     46/99      1.8G    0.0156   0.01947  0.003368   0.01978   0.05822         9       640         0         0         0         0         0         0         0
     47/99      1.8G   0.01596   0.02039  0.003269   0.02042   0.06005         1       640         0         0         0         0         0         0         0
     48/99      1.8G   0.01465   0.01667  0.003107    0.0186   0.05302         4       640         0         0         0         0         0         0         0
     49/99      1.8G   0.01471   0.01689  0.002958   0.01842   0.05298         4       640         0         0         0         0         0         0         0
     50/99      1.8G   0.01406   0.01415  0.002834   0.01627   0.04731         6       640         0         0         0         0         0         0         0
     51/99      1.8G   0.01357   0.01375  0.002842    0.0152   0.04537         1       640         0         0         0         0         0         0         0
     52/99      1.8G   0.01491   0.01701  0.002941   0.01709   0.05195         4       640         0         0         0         0         0         0         0
     53/99      1.8G   0.01307   0.01232  0.002658   0.01333   0.04137         4       640         0         0         0         0         0         0         0
     54/99      1.8G   0.01314   0.01324  0.002595   0.01391   0.04289         4       640         0         0         0         0         0         0         0
     55/99      1.8G   0.01324   0.01327  0.002579   0.01414   0.04322         2       640         0         0         0         0         0         0         0
     56/99      1.8G   0.01295   0.01313  0.002477   0.01349   0.04205         4       640         0         0         0         0         0         0         0
     57/99      1.8G   0.01321   0.01228  0.002466   0.01362   0.04158         7       640         0         0         0         0         0         0         0
     58/99      1.8G     0.012   0.01121  0.002399   0.01213   0.03773         4       640         0         0         0         0         0         0         0
     59/99      1.8G   0.01281   0.01397  0.002448    0.0146   0.04383         5       640         0         0         0         0         0         0         0
     60/99      1.8G   0.01223   0.01204  0.002372    0.0124   0.03904         3       640         0         0         0         0         0         0         0
     61/99      1.8G   0.01148   0.00914   0.00228   0.01141   0.03431         1       640         0         0         0         0         0         0         0
     62/99      1.8G    0.0118   0.01052  0.002328   0.01238   0.03704         2       640         0         0         0         0         0         0         0
     63/99      1.8G   0.01157   0.01046  0.002297   0.01192   0.03624         4       640         0         0         0         0         0         0         0
     64/99      1.8G   0.01187   0.01033  0.002246   0.01091   0.03536         6       640         0         0         0         0         0         0         0
     65/99      1.8G   0.01071  0.008969  0.002169   0.01008   0.03192         6       640         0         0         0         0         0         0         0
     66/99      1.8G   0.01073  0.009026  0.002179   0.01095   0.03288         5       640         0         0         0         0         0         0         0
     67/99      1.8G   0.01082  0.008522   0.00217   0.01035   0.03186         4       640         0         0         0         0         0         0         0
     68/99      1.8G   0.01059  0.008599  0.002208  0.009865   0.03126         7       640         0         0         0         0         0         0         0
     69/99      1.8G   0.01016  0.007474  0.002206  0.009423   0.02926         9       640         0         0         0         0         0         0         0
     70/99      1.8G   0.01015   0.00808  0.002048  0.009564   0.02985         3       640         0         0         0         0         0         0         0
     71/99      1.8G    0.0104  0.006962  0.002019  0.009513   0.02889         5       640         0         0         0         0         0         0         0
     72/99      1.8G  0.009694  0.007268  0.002057  0.008856   0.02787         2       640         0         0         0         0         0         0         0
     73/99      1.8G  0.009933  0.007621  0.002027  0.009775   0.02936         5       640         0         0         0         0         0         0         0
     74/99      1.8G  0.009601  0.006284  0.002047  0.009073   0.02701         2       640         0         0         0         0         0         0         0
     75/99      1.8G  0.009693  0.007457  0.001987  0.008084   0.02722         1       640         0         0         0         0         0         0         0
     76/99      1.8G  0.008987  0.005836  0.001983  0.008763   0.02557         5       640         0         0         0         0         0         0         0
     77/99      1.8G  0.009138   0.00764  0.001921  0.007638   0.02634         0       640         0         0         0         0         0         0         0
     78/99      1.8G  0.009272  0.006774  0.001974  0.009328   0.02735         0       640         0         0         0         0         0         0         0
     79/99      1.8G  0.008775  0.005666  0.001939   0.00766   0.02404         4       640         0         0         0         0         0         0         0
     80/99      1.8G  0.009004  0.006124  0.001887  0.008626   0.02564         4       640         0         0         0         0         0         0         0
     81/99      1.8G  0.009013  0.005965  0.001892  0.008621   0.02549         3       640         0         0         0         0         0         0         0
     82/99      1.8G  0.008403  0.004968  0.001865  0.007201   0.02244         0       640         0         0         0         0         0         0         0
     83/99      1.8G   0.00818  0.005218  0.001928  0.007848   0.02317         3       640         0         0         0         0         0         0         0
     84/99      1.8G  0.007781  0.004456  0.001806  0.006808   0.02085         5       640         0         0         0         0         0         0         0
     85/99      1.8G  0.008232   0.00558  0.001904  0.008145   0.02386         2       640         0         0         0         0         0         0         0
     86/99      1.8G   0.00804  0.005001   0.00193  0.008909   0.02388         5       640         0         0         0         0         0         0         0
     87/99      1.8G  0.007632  0.004696  0.001841   0.00705   0.02122         2       640         0         0         0         0         0         0         0
     88/99      1.8G  0.007861    0.0052  0.001834  0.007339   0.02223         4       640         0         0         0         0         0         0         0
     89/99      1.8G  0.007679   0.00457  0.001846  0.006668   0.02076         6       640         0         0         0         0         0         0         0
     90/99      1.8G  0.007437  0.004373   0.00178  0.007264   0.02085         2       640         0         0         0         0         0         0         0
     91/99      1.8G  0.007231  0.003644  0.001771  0.006185   0.01883         3       640         0         0         0         0         0         0         0
     92/99      1.8G  0.007105  0.003636   0.00168  0.005879    0.0183         4       640         0         0         0         0         0         0         0
     93/99      1.8G  0.007177  0.004163  0.001818  0.005877   0.01904         2       640         0         0         0         0         0         0         0
     94/99      1.8G  0.007204  0.004333  0.001823   0.00627   0.01963         2       640         0         0         0         0         0         0         0
     95/99      1.8G  0.007351  0.004218  0.001831  0.006109   0.01951         3       640         0         0         0         0         0         0         0
     96/99      1.8G  0.007202  0.004209   0.00181  0.005844   0.01907         3       640         0         0         0         0         0         0         0
     97/99      1.8G  0.007316   0.00419  0.001808  0.005965   0.01928         4       640         0         0         0         0         0         0         0
     98/99      1.8G  0.006975  0.003683  0.001716  0.004885   0.01726         5       640         0         0         0         0         0         0         0
